name,phone_number,email
John,123-555-4854,john@test.com
Erika,123-555-5415,erika@test.com
Adeline,123-555-3660,adeline@test.com